    #  Ave-WL   Flux(ph/cm2/s) in Torr 37 wavelength bins
     1 1025.00  2.67E+09
     2 1031.91  2.37E+09
     3 1025.72  3.91E+09
     4  975.00  1.61E+09
     5  977.02  4.80E+09
     6  925.00  3.47E+09
     7  875.00  3.89E+09
     8  825.00  1.79E+09
     9  775.00  8.40E+08
    10  789.36  7.68E+08
    11  770.41  3.35E+08
    12  765.15  1.90E+08
    13  725.00  1.56E+08
    14  703.36  3.85E+08
    15  675.00  2.50E+08
    16  625.00  4.33E+08
    17  629.73  1.71E+09
    18  609.76  7.23E+08
    19  575.00  3.88E+08
    20  584.33  1.42E+09
    21  554.31  7.73E+08
    22  525.00  5.41E+08
    23  475.00  4.02E+08
    24  465.22  3.39E+08
    25  425.00  4.46E+08
    26  375.00  5.72E+08
    27  368.07  7.46E+08
    28  325.00  1.45E+09
    29  303.78  7.42E+09
    30  303.31  1.25E+09
    31  275.00  2.68E+09
    32  284.15  8.62E+08
    33  256.32  5.21E+08
    34  225.00  4.49E+09
    35  175.00  6.16E+09
    36  125.00  5.21E+08
    37   75.00  1.46E+09
